# size 30
2 5 8 10 12 15 18 20 22 25 28 30
1 3 6 9 11 13 16 19 21 23 26 29
2 4 7 10 12 14 17 20 22 24 27 30
1 3 5 8 11 13 15 18 21 23 25 28
2 4 6 9 12 14 16 19 22 24 26 29
3 5 7 10 13 15 17 20 23 25 27 30
1 4 6 8 11 14 16 18 21 24 26 28
2 5 7 9 12 15 17 19 22 25 27 29
3 6 8 10 13 16 18 20 23 26 28 30
1 4 7 9 11 14 17 19 21 24 27 29
4 8 9 10 14 18 19 20 24 28 29 30
1 5 9 10 11 15 19 20 21 25 29 30
1 2 6 10 11 12 16 20 21 22 26 30
1 2 3 7 11 12 13 17 21 22 23 27
2 3 4 8 12 13 14 18 22 23 24 28
3 4 5 9 13 14 15 19 23 24 25 29
4 5 6 10 14 15 16 20 24 25 26 30
1 5 6 7 11 15 16 17 21 25 26 27
2 6 7 8 12 16 17 18 22 26 27 28
3 7 8 9 13 17 18 19 23 27 28 29
1 7 8 10 11 17 18 20 21 27 28 30
1 2 8 9 11 12 18 19 21 22 28 29
2 3 9 10 12 13 19 20 22 23 29 30
1 3 4 10 11 13 14 20 21 23 24 30
1 2 4 5 11 12 14 15 21 22 24 25
2 3 5 6 12 13 15 16 22 23 25 26
3 4 6 7 13 14 16 17 23 24 26 27
4 5 7 8 14 15 17 18 24 25 27 28
5 6 8 9 15 16 18 19 25 26 28 29
6 7 9 10 16 17 19 20 26 27 29 30
