# FunSearch (DeepMind) n=8 cap set, |S|=512 (Romera-Paredes et al., Nature 2024)
# DOI 10.1038/s41586-023-06924-6; kaynak: github.com/google-deepmind/funsearch cap_set/n8_size512.txt
# Bagimsiz O(|S|^2) dogrulama: 3-AP ihlali 0 (cap set). ALTIN pozitif kontrol.
11111111
11112111
11121211
11122211
11211121
11212121
11221221
11222221
12111112
12112112
12121212
12122212
12211122
12212122
12221222
12222222
21111111
21112111
21121211
21122211
21211121
21212121
21221221
21222221
22111112
22112112
22121212
22122212
22211122
22212122
22221222
22222222
11111211
11112211
11121111
11122111
11211221
11212221
11221121
11222121
12111212
12112212
12121112
12122112
12211222
12212222
12221122
12222122
21111211
21112211
21121111
21122111
21211221
21212221
21221121
21222121
22111212
22112212
22121112
22122112
22211222
22212222
22221122
22222122
11111112
11111121
11112112
11112121
11121212
11121221
11122212
11122221
11211111
11211122
11212111
11212122
11221211
11221222
11222211
11222222
12111111
12111122
12112111
12112122
12121211
12121222
12122211
12122222
12211112
12211121
12212112
12212121
12221212
12221221
12222212
12222221
21111112
21111121
21112112
21112121
21121212
21121221
21122212
21122221
21211111
21211122
21212111
21212122
21221211
21221222
21222211
21222222
22111111
22111122
22112111
22112122
22121211
22121222
22122211
22122222
22211112
22211121
22212112
22212121
22221212
22221221
22222212
22222221
11110000
11120000
11210000
11220000
12110000
12120000
12210000
12220000
21110000
21120000
21210000
21220000
22110000
22120000
22210000
22220000
11100002
11100100
11100200
11200002
11200100
11200200
12100001
12100100
12100200
12200001
12200100
12200200
21100002
21100100
21100200
21200002
21200100
21200200
22100001
22100100
22100200
22200001
22200100
22200200
11100020
11200010
12100020
12200010
21100020
21200010
22100020
22200010
11000012
11000022
12000011
12000021
21000012
21000022
22000011
22000021
11010002
11020002
12010001
12020001
21010002
21020002
22010001
22020001
10100021
10100022
10200011
10200012
20100021
20100022
20200011
20200012
10000111
10000112
10000121
10000122
10000211
10000212
10000221
10000222
10010011
10010012
10010021
10010022
10020011
10020012
10020021
10020022
20000111
20000112
20000121
20000122
20000211
20000212
20000221
20000222
20010011
20010012
20010021
20010022
20020011
20020012
20020021
20020022
11000102
11000202
12000101
12000201
21000102
21000202
22000101
22000201
01101002
01102002
01201002
01202002
02101001
02102001
02201001
02202001
01101020
01102020
01201010
01202010
02101020
02102020
02201010
02202010
01001012
01001022
01002012
01002022
01011010
01011020
01012010
01012020
01021010
01021020
01022010
01022020
02001011
02001021
02002011
02002021
02011010
02011020
02012010
02012020
02021010
02021020
02022010
02022020
01001110
01001120
01001210
01001220
01002110
01002120
01002210
01002220
02001110
02001120
02001210
02001220
02002110
02002120
02002210
02002220
10110020
10120020
10210010
10220010
20110020
20120020
20210010
20220010
00111001
00111002
00112001
00112002
00121001
00121002
00122001
00122002
00211001
00211002
00212001
00212002
00221001
00221002
00222001
00222002
00101021
00101022
00102021
00102022
00201011
00201012
00202011
00202012
00101101
00101102
00101201
00101202
00102101
00102102
00102201
00102202
00201101
00201102
00201201
00201202
00202101
00202102
00202201
00202202
10100120
10100220
10200110
10200210
20100120
20100220
20200110
20200210
01011002
01012002
01021002
01022002
02011001
02012001
02021001
02022001
01001102
01001202
01002102
01002202
02001101
02001201
02002101
02002201
00111020
00112020
00121020
00122020
00211010
00212010
00221010
00222010
00101120
00101220
00102120
00102220
00201110
00201210
00202110
00202210
11011200
11012200
11021100
11022100
12011200
12012200
12021100
12022100
21011200
21012200
21021100
21022100
22011200
22012200
22021100
22022100
10111200
10112200
10121100
10122100
10211200
10212200
10221100
10222100
20111200
20112200
20121100
20122100
20211200
20212200
20221100
20222100
01110102
01110202
01120102
01120202
01210102
01210202
01220102
01220202
02110101
02110201
02120101
02120201
02210101
02210201
02220101
02220201
01110120
01110220
01120120
01120220
01210110
01210210
01220110
01220210
02110120
02110220
02120120
02120220
02210110
02210210
02220110
02220210
01010112
01010122
01010212
01010222
01020112
01020122
01020212
01020222
02010111
02010121
02010211
02010221
02020111
02020121
02020211
02020221
00110121
00110122
00110221
00110222
00120121
00120122
00120221
00120222
00210111
00210112
00210211
00210212
00220111
00220112
00220211
00220212
10011201
10011202
10012201
10012202
10021101
10021102
10022101
10022102
20011201
20011202
20012201
20012202
20021101
20021102
20022101
20022102
10011210
10011220
10012210
10012220
10021110
10021120
10022110
10022120
20011210
20011220
20012210
20012220
20021110
20021120
20022110
20022120
