# size 56
2 6 8 9 13 14 16 20 28
4 5 14 17 19 21 22 26 28
1 4 16 18 19 20 22 23 25
2 6 9 19 20 21 23 24 28
1 5 8 9 22 23 24 26 27
2 3 4 8 11 21 23 25 26
1 2 13 14 15 16 19 24 26
4 5 6 10 13 23 25 27 28
1 7 10 11 20 24 25 26 28
1 2 6 8 12 15 20 25 27
2 3 7 9 12 13 26 27 28
1 3 4 7 8 10 17 18 27
1 2 4 5 9 11 15 18 28
1 5 6 7 9 10 12 16 19
4 12 14 15 17 18 20 23 28
3 4 6 8 9 13 15 19 22
2 3 11 14 16 18 24 25 28
5 6 8 10 11 15 17 21 24
3 9 10 11 13 16 18 23 24
8 10 12 13 17 19 20 23 26
1 7 10 14 20 22 24 27 28
3 10 12 15 18 19 21 25 28
5 11 12 13 15 16 22 25 26
2 5 12 16 17 18 21 23 27
13 15 17 18 20 22 24 27 28
8 10 12 13 14 18 19 23 26
3 4 8 13 14 15 17 25 27
1 3 6 11 12 17 22 23 28
2 3 5 6 10 18 20 22 26
4 7 9 12 15 17 23 24 25
2 4 7 8 10 14 16 17 22
2 4 6 7 11 13 16 17 20
1 8 11 13 16 19 21 27 28
1 2 7 10 13 15 21 22 23
3 6 7 16 21 22 24 25 27
3 5 6 9 10 12 14 21 25
1 2 3 15 16 17 19 24 26
2 8 9 10 16 17 22 25 28
6 9 11 17 18 19 25 26 27
2 4 10 11 12 19 22 24 27
3 7 12 14 19 20 22 25 26
4 5 7 14 17 19 21 26 28
1 4 6 12 13 18 21 24 26
5 7 11 13 14 15 20 21 22
2 5 12 14 16 18 21 23 27
1 4 6 9 11 12 14 17 24
3 4 5 8 12 16 20 24 28
1 3 5 9 13 17 20 21 25
1 3 5 8 11 14 21 23 24
7 8 9 11 12 18 20 21 22
1 6 7 9 14 18 22 23 25
3 5 7 11 15 19 20 23 27
4 9 10 15 16 20 21 26 27
6 7 8 15 16 18 23 26 28
6 9 10 11 14 15 19 26 27
2 5 7 8 13 18 19 24 25
