# size 49
2 3 4 5 7 13 32 47
8 9 10 11 12 13 14 17
22 23 24 25 26 27 36 41
15 29 30 32 33 34 35 44
2 9 23 30 31 36 37 41
31 38 43 45 46 47 48 49
1 5 6 8 22 29 31 43
4 11 25 32 39 40 42 46
5 12 19 26 33 40 41 47
13 15 27 28 34 38 41 48
7 14 17 21 35 42 44 49
7 9 16 27 29 41 42 47
2 10 15 18 26 34 42 43
3 11 18 19 27 31 35 44
4 12 18 28 29 37 40 45
5 12 13 18 21 22 30 46
7 8 18 24 32 38 40 48
14 17 26 28 31 32 41 46
2 6 11 16 22 28 40 49
3 12 16 21 23 32 36 43
4 12 13 16 24 31 33 42
5 14 15 16 17 25 34 45
8 16 26 35 37 42 44 46
3 7 10 11 24 26 30 45
1 11 15 21 24 34 37 47
1 2 12 25 35 38 44 48
1 3 13 26 29 39 41 49
1 4 14 17 27 30 40 43
1 6 9 19 22 32 42 45
1 7 10 23 28 33 36 46
6 14 17 18 23 36 39 47
3 14 17 22 33 37 38 48
4 8 15 19 23 34 36 49
5 9 24 28 35 39 43 44
10 19 21 25 28 29 31 40
10 16 19 30 37 38 39 48
13 20 23 35 36 40 44 45
2 14 17 19 20 24 29 46
3 8 20 25 28 30 42 47
4 6 9 20 21 26 38 48
5 10 12 20 27 32 37 49
1 11 16 18 20 33 41 43
7 12 15 20 22 31 34 39
2 8 21 27 33 39 41 45
3 6 9 15 27 34 40 46
4 6 10 22 35 41 44 47
5 11 23 29 36 38 42 48
6 9 18 24 25 30 33 49
6 7 12 13 19 25 37 43
