# size 1170
1 2 3 4 5 6 7 8 9
10 11 12 13 14 15 16 17 18
19 20 21 22 23 24 25 26 27
28 29 30 31 32 33 34 35 36
37 38 39 40 41 42 43 44 45
46 47 48 49 50 51 52 53 54
55 56 57 58 59 60 61 62 63
64 65 66 67 68 69 70 71 72
73 74 75 76 77 78 79 80 81
1 2 3 10 11 12 19 20 21
4 5 6 13 14 15 22 23 24
7 8 9 16 17 18 25 26 27
28 29 30 37 38 39 46 47 48
31 32 33 40 41 42 49 50 51
34 35 36 43 44 45 52 53 54
55 56 57 64 65 66 73 74 75
58 59 60 67 68 69 76 77 78
61 62 63 70 71 72 79 80 81
1 2 3 13 14 15 25 26 27
4 5 6 16 17 18 19 20 21
7 8 9 10 11 12 22 23 24
28 29 30 40 41 42 52 53 54
31 32 33 43 44 45 46 47 48
34 35 36 37 38 39 49 50 51
55 56 57 67 68 69 79 80 81
58 59 60 70 71 72 73 74 75
61 62 63 64 65 66 76 77 78
1 2 3 16 17 18 22 23 24
4 5 6 10 11 12 25 26 27
7 8 9 13 14 15 19 20 21
28 29 30 43 44 45 49 50 51
31 32 33 37 38 39 52 53 54
34 35 36 40 41 42 46 47 48
55 56 57 70 71 72 76 77 78
58 59 60 64 65 66 79 80 81
61 62 63 67 68 69 73 74 75
1 2 3 28 29 30 55 56 57
4 5 6 31 32 33 58 59 60
7 8 9 34 35 36 61 62 63
10 11 12 37 38 39 64 65 66
13 14 15 40 41 42 67 68 69
16 17 18 43 44 45 70 71 72
19 20 21 46 47 48 73 74 75
22 23 24 49 50 51 76 77 78
25 26 27 52 53 54 79 80 81
1 2 3 31 32 33 61 62 63
4 5 6 34 35 36 55 56 57
7 8 9 28 29 30 58 59 60
10 11 12 40 41 42 70 71 72
13 14 15 43 44 45 64 65 66
16 17 18 37 38 39 67 68 69
19 20 21 49 50 51 79 80 81
22 23 24 52 53 54 73 74 75
25 26 27 46 47 48 76 77 78
1 2 3 34 35 36 58 59 60
4 5 6 28 29 30 61 62 63
7 8 9 31 32 33 55 56 57
10 11 12 43 44 45 67 68 69
13 14 15 37 38 39 70 71 72
16 17 18 40 41 42 64 65 66
19 20 21 52 53 54 76 77 78
22 23 24 46 47 48 79 80 81
25 26 27 49 50 51 73 74 75
1 2 3 37 38 39 73 74 75
4 5 6 40 41 42 76 77 78
7 8 9 43 44 45 79 80 81
10 11 12 46 47 48 55 56 57
13 14 15 49 50 51 58 59 60
16 17 18 52 53 54 61 62 63
19 20 21 28 29 30 64 65 66
22 23 24 31 32 33 67 68 69
25 26 27 34 35 36 70 71 72
1 2 3 40 41 42 79 80 81
4 5 6 43 44 45 73 74 75
7 8 9 37 38 39 76 77 78
10 11 12 49 50 51 61 62 63
13 14 15 52 53 54 55 56 57
16 17 18 46 47 48 58 59 60
19 20 21 31 32 33 70 71 72
22 23 24 34 35 36 64 65 66
25 26 27 28 29 30 67 68 69
1 2 3 43 44 45 76 77 78
4 5 6 37 38 39 79 80 81
7 8 9 40 41 42 73 74 75
10 11 12 52 53 54 58 59 60
13 14 15 46 47 48 61 62 63
16 17 18 49 50 51 55 56 57
19 20 21 34 35 36 67 68 69
22 23 24 28 29 30 70 71 72
25 26 27 31 32 33 64 65 66
1 2 3 46 47 48 64 65 66
4 5 6 49 50 51 67 68 69
7 8 9 52 53 54 70 71 72
10 11 12 28 29 30 73 74 75
13 14 15 31 32 33 76 77 78
16 17 18 34 35 36 79 80 81
19 20 21 37 38 39 55 56 57
22 23 24 40 41 42 58 59 60
25 26 27 43 44 45 61 62 63
1 2 3 49 50 51 70 71 72
4 5 6 52 53 54 64 65 66
7 8 9 46 47 48 67 68 69
10 11 12 31 32 33 79 80 81
13 14 15 34 35 36 73 74 75
16 17 18 28 29 30 76 77 78
19 20 21 40 41 42 61 62 63
22 23 24 43 44 45 55 56 57
25 26 27 37 38 39 58 59 60
1 2 3 52 53 54 67 68 69
4 5 6 46 47 48 70 71 72
7 8 9 49 50 51 64 65 66
10 11 12 34 35 36 76 77 78
13 14 15 28 29 30 79 80 81
16 17 18 31 32 33 73 74 75
19 20 21 43 44 45 58 59 60
22 23 24 37 38 39 61 62 63
25 26 27 40 41 42 55 56 57
1 4 7 10 13 16 19 22 25
2 5 8 11 14 17 20 23 26
3 6 9 12 15 18 21 24 27
28 31 34 37 40 43 46 49 52
29 32 35 38 41 44 47 50 53
30 33 36 39 42 45 48 51 54
55 58 61 64 67 70 73 76 79
56 59 62 65 68 71 74 77 80
57 60 63 66 69 72 75 78 81
1 4 7 11 14 17 21 24 27
2 5 8 12 15 18 19 22 25
3 6 9 10 13 16 20 23 26
28 31 34 38 41 44 48 51 54
29 32 35 39 42 45 46 49 52
30 33 36 37 40 43 47 50 53
55 58 61 65 68 71 75 78 81
56 59 62 66 69 72 73 76 79
57 60 63 64 67 70 74 77 80
1 4 7 12 15 18 20 23 26
2 5 8 10 13 16 21 24 27
3 6 9 11 14 17 19 22 25
28 31 34 39 42 45 47 50 53
29 32 35 37 40 43 48 51 54
30 33 36 38 41 44 46 49 52
55 58 61 66 69 72 74 77 80
56 59 62 64 67 70 75 78 81
57 60 63 65 68 71 73 76 79
1 4 7 28 31 34 55 58 61
2 5 8 29 32 35 56 59 62
3 6 9 30 33 36 57 60 63
10 13 16 37 40 43 64 67 70
11 14 17 38 41 44 65 68 71
12 15 18 39 42 45 66 69 72
19 22 25 46 49 52 73 76 79
20 23 26 47 50 53 74 77 80
21 24 27 48 51 54 75 78 81
1 4 7 29 32 35 57 60 63
2 5 8 30 33 36 55 58 61
3 6 9 28 31 34 56 59 62
10 13 16 38 41 44 66 69 72
11 14 17 39 42 45 64 67 70
12 15 18 37 40 43 65 68 71
19 22 25 47 50 53 75 78 81
20 23 26 48 51 54 73 76 79
21 24 27 46 49 52 74 77 80
1 4 7 30 33 36 56 59 62
2 5 8 28 31 34 57 60 63
3 6 9 29 32 35 55 58 61
10 13 16 39 42 45 65 68 71
11 14 17 37 40 43 66 69 72
12 15 18 38 41 44 64 67 70
19 22 25 48 51 54 74 77 80
20 23 26 46 49 52 75 78 81
21 24 27 47 50 53 73 76 79
1 4 7 37 40 43 73 76 79
2 5 8 38 41 44 74 77 80
3 6 9 39 42 45 75 78 81
10 13 16 46 49 52 55 58 61
11 14 17 47 50 53 56 59 62
12 15 18 48 51 54 57 60 63
19 22 25 28 31 34 64 67 70
20 23 26 29 32 35 65 68 71
21 24 27 30 33 36 66 69 72
1 4 7 38 41 44 75 78 81
2 5 8 39 42 45 73 76 79
3 6 9 37 40 43 74 77 80
10 13 16 47 50 53 57 60 63
11 14 17 48 51 54 55 58 61
12 15 18 46 49 52 56 59 62
19 22 25 29 32 35 66 69 72
20 23 26 30 33 36 64 67 70
21 24 27 28 31 34 65 68 71
1 4 7 39 42 45 74 77 80
2 5 8 37 40 43 75 78 81
3 6 9 38 41 44 73 76 79
10 13 16 48 51 54 56 59 62
11 14 17 46 49 52 57 60 63
12 15 18 47 50 53 55 58 61
19 22 25 30 33 36 65 68 71
20 23 26 28 31 34 66 69 72
21 24 27 29 32 35 64 67 70
1 4 7 46 49 52 64 67 70
2 5 8 47 50 53 65 68 71
3 6 9 48 51 54 66 69 72
10 13 16 28 31 34 73 76 79
11 14 17 29 32 35 74 77 80
12 15 18 30 33 36 75 78 81
19 22 25 37 40 43 55 58 61
20 23 26 38 41 44 56 59 62
21 24 27 39 42 45 57 60 63
1 4 7 47 50 53 66 69 72
2 5 8 48 51 54 64 67 70
3 6 9 46 49 52 65 68 71
10 13 16 29 32 35 75 78 81
11 14 17 30 33 36 73 76 79
12 15 18 28 31 34 74 77 80
19 22 25 38 41 44 57 60 63
20 23 26 39 42 45 55 58 61
21 24 27 37 40 43 56 59 62
1 4 7 48 51 54 65 68 71
2 5 8 46 49 52 66 69 72
3 6 9 47 50 53 64 67 70
10 13 16 30 33 36 74 77 80
11 14 17 28 31 34 75 78 81
12 15 18 29 32 35 73 76 79
19 22 25 39 42 45 56 59 62
20 23 26 37 40 43 57 60 63
21 24 27 38 41 44 55 58 61
1 5 9 10 14 18 19 23 27
2 6 7 11 15 16 20 24 25
3 4 8 12 13 17 21 22 26
28 32 36 37 41 45 46 50 54
29 33 34 38 42 43 47 51 52
30 31 35 39 40 44 48 49 53
55 59 63 64 68 72 73 77 81
56 60 61 65 69 70 74 78 79
57 58 62 66 67 71 75 76 80
1 5 9 11 15 16 21 22 26
2 6 7 12 13 17 19 23 27
3 4 8 10 14 18 20 24 25
28 32 36 38 42 43 48 49 53
29 33 34 39 40 44 46 50 54
30 31 35 37 41 45 47 51 52
55 59 63 65 69 70 75 76 80
56 60 61 66 67 71 73 77 81
57 58 62 64 68 72 74 78 79
1 5 9 12 13 17 20 24 25
2 6 7 10 14 18 21 22 26
3 4 8 11 15 16 19 23 27
28 32 36 39 40 44 47 51 52
29 33 34 37 41 45 48 49 53
30 31 35 38 42 43 46 50 54
55 59 63 66 67 71 74 78 79
56 60 61 64 68 72 75 76 80
57 58 62 65 69 70 73 77 81
1 5 9 28 32 36 55 59 63
2 6 7 29 33 34 56 60 61
3 4 8 30 31 35 57 58 62
10 14 18 37 41 45 64 68 72
11 15 16 38 42 43 65 69 70
12 13 17 39 40 44 66 67 71
19 23 27 46 50 54 73 77 81
20 24 25 47 51 52 74 78 79
21 22 26 48 49 53 75 76 80
1 5 9 29 33 34 57 58 62
2 6 7 30 31 35 55 59 63
3 4 8 28 32 36 56 60 61
10 14 18 38 42 43 66 67 71
11 15 16 39 40 44 64 68 72
12 13 17 37 41 45 65 69 70
19 23 27 47 51 52 75 76 80
20 24 25 48 49 53 73 77 81
21 22 26 46 50 54 74 78 79
1 5 9 30 31 35 56 60 61
2 6 7 28 32 36 57 58 62
3 4 8 29 33 34 55 59 63
10 14 18 39 40 44 65 69 70
11 15 16 37 41 45 66 67 71
12 13 17 38 42 43 64 68 72
19 23 27 48 49 53 74 78 79
20 24 25 46 50 54 75 76 80
21 22 26 47 51 52 73 77 81
1 5 9 37 41 45 73 77 81
2 6 7 38 42 43 74 78 79
3 4 8 39 40 44 75 76 80
10 14 18 46 50 54 55 59 63
11 15 16 47 51 52 56 60 61
12 13 17 48 49 53 57 58 62
19 23 27 28 32 36 64 68 72
20 24 25 29 33 34 65 69 70
21 22 26 30 31 35 66 67 71
1 5 9 38 42 43 75 76 80
2 6 7 39 40 44 73 77 81
3 4 8 37 41 45 74 78 79
10 14 18 47 51 52 57 58 62
11 15 16 48 49 53 55 59 63
12 13 17 46 50 54 56 60 61
19 23 27 29 33 34 66 67 71
20 24 25 30 31 35 64 68 72
21 22 26 28 32 36 65 69 70
1 5 9 39 40 44 74 78 79
2 6 7 37 41 45 75 76 80
3 4 8 38 42 43 73 77 81
10 14 18 48 49 53 56 60 61
11 15 16 46 50 54 57 58 62
12 13 17 47 51 52 55 59 63
19 23 27 30 31 35 65 69 70
20 24 25 28 32 36 66 67 71
21 22 26 29 33 34 64 68 72
1 5 9 46 50 54 64 68 72
2 6 7 47 51 52 65 69 70
3 4 8 48 49 53 66 67 71
10 14 18 28 32 36 73 77 81
11 15 16 29 33 34 74 78 79
12 13 17 30 31 35 75 76 80
19 23 27 37 41 45 55 59 63
20 24 25 38 42 43 56 60 61
21 22 26 39 40 44 57 58 62
1 5 9 47 51 52 66 67 71
2 6 7 48 49 53 64 68 72
3 4 8 46 50 54 65 69 70
10 14 18 29 33 34 75 76 80
11 15 16 30 31 35 73 77 81
12 13 17 28 32 36 74 78 79
19 23 27 38 42 43 57 58 62
20 24 25 39 40 44 55 59 63
21 22 26 37 41 45 56 60 61
1 5 9 48 49 53 65 69 70
2 6 7 46 50 54 66 67 71
3 4 8 47 51 52 64 68 72
10 14 18 30 31 35 74 78 79
11 15 16 28 32 36 75 76 80
12 13 17 29 33 34 73 77 81
19 23 27 39 40 44 56 60 61
20 24 25 37 41 45 57 58 62
21 22 26 38 42 43 55 59 63
1 6 8 10 15 17 19 24 26
2 4 9 11 13 18 20 22 27
3 5 7 12 14 16 21 23 25
28 33 35 37 42 44 46 51 53
29 31 36 38 40 45 47 49 54
30 32 34 39 41 43 48 50 52
55 60 62 64 69 71 73 78 80
56 58 63 65 67 72 74 76 81
57 59 61 66 68 70 75 77 79
1 6 8 11 13 18 21 23 25
2 4 9 12 14 16 19 24 26
3 5 7 10 15 17 20 22 27
28 33 35 38 40 45 48 50 52
29 31 36 39 41 43 46 51 53
30 32 34 37 42 44 47 49 54
55 60 62 65 67 72 75 77 79
56 58 63 66 68 70 73 78 80
57 59 61 64 69 71 74 76 81
1 6 8 12 14 16 20 22 27
2 4 9 10 15 17 21 23 25
3 5 7 11 13 18 19 24 26
28 33 35 39 41 43 47 49 54
29 31 36 37 42 44 48 50 52
30 32 34 38 40 45 46 51 53
55 60 62 66 68 70 74 76 81
56 58 63 64 69 71 75 77 79
57 59 61 65 67 72 73 78 80
1 6 8 28 33 35 55 60 62
2 4 9 29 31 36 56 58 63
3 5 7 30 32 34 57 59 61
10 15 17 37 42 44 64 69 71
11 13 18 38 40 45 65 67 72
12 14 16 39 41 43 66 68 70
19 24 26 46 51 53 73 78 80
20 22 27 47 49 54 74 76 81
21 23 25 48 50 52 75 77 79
1 6 8 29 31 36 57 59 61
2 4 9 30 32 34 55 60 62
3 5 7 28 33 35 56 58 63
10 15 17 38 40 45 66 68 70
11 13 18 39 41 43 64 69 71
12 14 16 37 42 44 65 67 72
19 24 26 47 49 54 75 77 79
20 22 27 48 50 52 73 78 80
21 23 25 46 51 53 74 76 81
1 6 8 30 32 34 56 58 63
2 4 9 28 33 35 57 59 61
3 5 7 29 31 36 55 60 62
10 15 17 39 41 43 65 67 72
11 13 18 37 42 44 66 68 70
12 14 16 38 40 45 64 69 71
19 24 26 48 50 52 74 76 81
20 22 27 46 51 53 75 77 79
21 23 25 47 49 54 73 78 80
1 6 8 37 42 44 73 78 80
2 4 9 38 40 45 74 76 81
3 5 7 39 41 43 75 77 79
10 15 17 46 51 53 55 60 62
11 13 18 47 49 54 56 58 63
12 14 16 48 50 52 57 59 61
19 24 26 28 33 35 64 69 71
20 22 27 29 31 36 65 67 72
21 23 25 30 32 34 66 68 70
1 6 8 38 40 45 75 77 79
2 4 9 39 41 43 73 78 80
3 5 7 37 42 44 74 76 81
10 15 17 47 49 54 57 59 61
11 13 18 48 50 52 55 60 62
12 14 16 46 51 53 56 58 63
19 24 26 29 31 36 66 68 70
20 22 27 30 32 34 64 69 71
21 23 25 28 33 35 65 67 72
1 6 8 39 41 43 74 76 81
2 4 9 37 42 44 75 77 79
3 5 7 38 40 45 73 78 80
10 15 17 48 50 52 56 58 63
11 13 18 46 51 53 57 59 61
12 14 16 47 49 54 55 60 62
19 24 26 30 32 34 65 67 72
20 22 27 28 33 35 66 68 70
21 23 25 29 31 36 64 69 71
1 6 8 46 51 53 64 69 71
2 4 9 47 49 54 65 67 72
3 5 7 48 50 52 66 68 70
10 15 17 28 33 35 73 78 80
11 13 18 29 31 36 74 76 81
12 14 16 30 32 34 75 77 79
19 24 26 37 42 44 55 60 62
20 22 27 38 40 45 56 58 63
21 23 25 39 41 43 57 59 61
1 6 8 47 49 54 66 68 70
2 4 9 48 50 52 64 69 71
3 5 7 46 51 53 65 67 72
10 15 17 29 31 36 75 77 79
11 13 18 30 32 34 73 78 80
12 14 16 28 33 35 74 76 81
19 24 26 38 40 45 57 59 61
20 22 27 39 41 43 55 60 62
21 23 25 37 42 44 56 58 63
1 6 8 48 50 52 65 67 72
2 4 9 46 51 53 66 68 70
3 5 7 47 49 54 64 69 71
10 15 17 30 32 34 74 76 81
11 13 18 28 33 35 75 77 79
12 14 16 29 31 36 73 78 80
19 24 26 39 41 43 56 58 63
20 22 27 37 42 44 57 59 61
21 23 25 38 40 45 55 60 62
1 10 19 28 37 46 55 64 73
2 11 20 29 38 47 56 65 74
3 12 21 30 39 48 57 66 75
4 13 22 31 40 49 58 67 76
5 14 23 32 41 50 59 68 77
6 15 24 33 42 51 60 69 78
7 16 25 34 43 52 61 70 79
8 17 26 35 44 53 62 71 80
9 18 27 36 45 54 63 72 81
1 10 19 29 38 47 57 66 75
2 11 20 30 39 48 55 64 73
3 12 21 28 37 46 56 65 74
4 13 22 32 41 50 60 69 78
5 14 23 33 42 51 58 67 76
6 15 24 31 40 49 59 68 77
7 16 25 35 44 53 63 72 81
8 17 26 36 45 54 61 70 79
9 18 27 34 43 52 62 71 80
1 10 19 30 39 48 56 65 74
2 11 20 28 37 46 57 66 75
3 12 21 29 38 47 55 64 73
4 13 22 33 42 51 59 68 77
5 14 23 31 40 49 60 69 78
6 15 24 32 41 50 58 67 76
7 16 25 36 45 54 62 71 80
8 17 26 34 43 52 63 72 81
9 18 27 35 44 53 61 70 79
1 10 19 31 40 49 61 70 79
2 11 20 32 41 50 62 71 80
3 12 21 33 42 51 63 72 81
4 13 22 34 43 52 55 64 73
5 14 23 35 44 53 56 65 74
6 15 24 36 45 54 57 66 75
7 16 25 28 37 46 58 67 76
8 17 26 29 38 47 59 68 77
9 18 27 30 39 48 60 69 78
1 10 19 32 41 50 63 72 81
2 11 20 33 42 51 61 70 79
3 12 21 31 40 49 62 71 80
4 13 22 35 44 53 57 66 75
5 14 23 36 45 54 55 64 73
6 15 24 34 43 52 56 65 74
7 16 25 29 38 47 60 69 78
8 17 26 30 39 48 58 67 76
9 18 27 28 37 46 59 68 77
1 10 19 33 42 51 62 71 80
2 11 20 31 40 49 63 72 81
3 12 21 32 41 50 61 70 79
4 13 22 36 45 54 56 65 74
5 14 23 34 43 52 57 66 75
6 15 24 35 44 53 55 64 73
7 16 25 30 39 48 59 68 77
8 17 26 28 37 46 60 69 78
9 18 27 29 38 47 58 67 76
1 10 19 34 43 52 58 67 76
2 11 20 35 44 53 59 68 77
3 12 21 36 45 54 60 69 78
4 13 22 28 37 46 61 70 79
5 14 23 29 38 47 62 71 80
6 15 24 30 39 48 63 72 81
7 16 25 31 40 49 55 64 73
8 17 26 32 41 50 56 65 74
9 18 27 33 42 51 57 66 75
1 10 19 35 44 53 60 69 78
2 11 20 36 45 54 58 67 76
3 12 21 34 43 52 59 68 77
4 13 22 29 38 47 63 72 81
5 14 23 30 39 48 61 70 79
6 15 24 28 37 46 62 71 80
7 16 25 32 41 50 57 66 75
8 17 26 33 42 51 55 64 73
9 18 27 31 40 49 56 65 74
1 10 19 36 45 54 59 68 77
2 11 20 34 43 52 60 69 78
3 12 21 35 44 53 58 67 76
4 13 22 30 39 48 62 71 80
5 14 23 28 37 46 63 72 81
6 15 24 29 38 47 61 70 79
7 16 25 33 42 51 56 65 74
8 17 26 31 40 49 57 66 75
9 18 27 32 41 50 55 64 73
1 11 21 28 38 48 55 65 75
2 12 19 29 39 46 56 66 73
3 10 20 30 37 47 57 64 74
4 14 24 31 41 51 58 68 78
5 15 22 32 42 49 59 69 76
6 13 23 33 40 50 60 67 77
7 17 27 34 44 54 61 71 81
8 18 25 35 45 52 62 72 79
9 16 26 36 43 53 63 70 80
1 11 21 29 39 46 57 64 74
2 12 19 30 37 47 55 65 75
3 10 20 28 38 48 56 66 73
4 14 24 32 42 49 60 67 77
5 15 22 33 40 50 58 68 78
6 13 23 31 41 51 59 69 76
7 17 27 35 45 52 63 70 80
8 18 25 36 43 53 61 71 81
9 16 26 34 44 54 62 72 79
1 11 21 30 37 47 56 66 73
2 12 19 28 38 48 57 64 74
3 10 20 29 39 46 55 65 75
4 14 24 33 40 50 59 69 76
5 15 22 31 41 51 60 67 77
6 13 23 32 42 49 58 68 78
7 17 27 36 43 53 62 72 79
8 18 25 34 44 54 63 70 80
9 16 26 35 45 52 61 71 81
1 11 21 31 41 51 61 71 81
2 12 19 32 42 49 62 72 79
3 10 20 33 40 50 63 70 80
4 14 24 34 44 54 55 65 75
5 15 22 35 45 52 56 66 73
6 13 23 36 43 53 57 64 74
7 17 27 28 38 48 58 68 78
8 18 25 29 39 46 59 69 76
9 16 26 30 37 47 60 67 77
1 11 21 32 42 49 63 70 80
2 12 19 33 40 50 61 71 81
3 10 20 31 41 51 62 72 79
4 14 24 35 45 52 57 64 74
5 15 22 36 43 53 55 65 75
6 13 23 34 44 54 56 66 73
7 17 27 29 39 46 60 67 77
8 18 25 30 37 47 58 68 78
9 16 26 28 38 48 59 69 76
1 11 21 33 40 50 62 72 79
2 12 19 31 41 51 63 70 80
3 10 20 32 42 49 61 71 81
4 14 24 36 43 53 56 66 73
5 15 22 34 44 54 57 64 74
6 13 23 35 45 52 55 65 75
7 17 27 30 37 47 59 69 76
8 18 25 28 38 48 60 67 77
9 16 26 29 39 46 58 68 78
1 11 21 34 44 54 58 68 78
2 12 19 35 45 52 59 69 76
3 10 20 36 43 53 60 67 77
4 14 24 28 38 48 61 71 81
5 15 22 29 39 46 62 72 79
6 13 23 30 37 47 63 70 80
7 17 27 31 41 51 55 65 75
8 18 25 32 42 49 56 66 73
9 16 26 33 40 50 57 64 74
1 11 21 35 45 52 60 67 77
2 12 19 36 43 53 58 68 78
3 10 20 34 44 54 59 69 76
4 14 24 29 39 46 63 70 80
5 15 22 30 37 47 61 71 81
6 13 23 28 38 48 62 72 79
7 17 27 32 42 49 57 64 74
8 18 25 33 40 50 55 65 75
9 16 26 31 41 51 56 66 73
1 11 21 36 43 53 59 69 76
2 12 19 34 44 54 60 67 77
3 10 20 35 45 52 58 68 78
4 14 24 30 37 47 62 72 79
5 15 22 28 38 48 63 70 80
6 13 23 29 39 46 61 71 81
7 17 27 33 40 50 56 66 73
8 18 25 31 41 51 57 64 74
9 16 26 32 42 49 55 65 75
1 12 20 28 39 47 55 66 74
2 10 21 29 37 48 56 64 75
3 11 19 30 38 46 57 65 73
4 15 23 31 42 50 58 69 77
5 13 24 32 40 51 59 67 78
6 14 22 33 41 49 60 68 76
7 18 26 34 45 53 61 72 80
8 16 27 35 43 54 62 70 81
9 17 25 36 44 52 63 71 79
1 12 20 29 37 48 57 65 73
2 10 21 30 38 46 55 66 74
3 11 19 28 39 47 56 64 75
4 15 23 32 40 51 60 68 76
5 13 24 33 41 49 58 69 77
6 14 22 31 42 50 59 67 78
7 18 26 35 43 54 63 71 79
8 16 27 36 44 52 61 72 80
9 17 25 34 45 53 62 70 81
1 12 20 30 38 46 56 64 75
2 10 21 28 39 47 57 65 73
3 11 19 29 37 48 55 66 74
4 15 23 33 41 49 59 67 78
5 13 24 31 42 50 60 68 76
6 14 22 32 40 51 58 69 77
7 18 26 36 44 52 62 70 81
8 16 27 34 45 53 63 71 79
9 17 25 35 43 54 61 72 80
1 12 20 31 42 50 61 72 80
2 10 21 32 40 51 62 70 81
3 11 19 33 41 49 63 71 79
4 15 23 34 45 53 55 66 74
5 13 24 35 43 54 56 64 75
6 14 22 36 44 52 57 65 73
7 18 26 28 39 47 58 69 77
8 16 27 29 37 48 59 67 78
9 17 25 30 38 46 60 68 76
1 12 20 32 40 51 63 71 79
2 10 21 33 41 49 61 72 80
3 11 19 31 42 50 62 70 81
4 15 23 35 43 54 57 65 73
5 13 24 36 44 52 55 66 74
6 14 22 34 45 53 56 64 75
7 18 26 29 37 48 60 68 76
8 16 27 30 38 46 58 69 77
9 17 25 28 39 47 59 67 78
1 12 20 33 41 49 62 70 81
2 10 21 31 42 50 63 71 79
3 11 19 32 40 51 61 72 80
4 15 23 36 44 52 56 64 75
5 13 24 34 45 53 57 65 73
6 14 22 35 43 54 55 66 74
7 18 26 30 38 46 59 67 78
8 16 27 28 39 47 60 68 76
9 17 25 29 37 48 58 69 77
1 12 20 34 45 53 58 69 77
2 10 21 35 43 54 59 67 78
3 11 19 36 44 52 60 68 76
4 15 23 28 39 47 61 72 80
5 13 24 29 37 48 62 70 81
6 14 22 30 38 46 63 71 79
7 18 26 31 42 50 55 66 74
8 16 27 32 40 51 56 64 75
9 17 25 33 41 49 57 65 73
1 12 20 35 43 54 60 68 76
2 10 21 36 44 52 58 69 77
3 11 19 34 45 53 59 67 78
4 15 23 29 37 48 63 71 79
5 13 24 30 38 46 61 72 80
6 14 22 28 39 47 62 70 81
7 18 26 32 40 51 57 65 73
8 16 27 33 41 49 55 66 74
9 17 25 31 42 50 56 64 75
1 12 20 36 44 52 59 67 78
2 10 21 34 45 53 60 68 76
3 11 19 35 43 54 58 69 77
4 15 23 30 38 46 62 70 81
5 13 24 28 39 47 63 71 79
6 14 22 29 37 48 61 72 80
7 18 26 33 41 49 56 64 75
8 16 27 31 42 50 57 65 73
9 17 25 32 40 51 55 66 74
1 13 25 28 40 52 55 67 79
2 14 26 29 41 53 56 68 80
3 15 27 30 42 54 57 69 81
4 16 19 31 43 46 58 70 73
5 17 20 32 44 47 59 71 74
6 18 21 33 45 48 60 72 75
7 10 22 34 37 49 61 64 76
8 11 23 35 38 50 62 65 77
9 12 24 36 39 51 63 66 78
1 13 25 29 41 53 57 69 81
2 14 26 30 42 54 55 67 79
3 15 27 28 40 52 56 68 80
4 16 19 32 44 47 60 72 75
5 17 20 33 45 48 58 70 73
6 18 21 31 43 46 59 71 74
7 10 22 35 38 50 63 66 78
8 11 23 36 39 51 61 64 76
9 12 24 34 37 49 62 65 77
1 13 25 30 42 54 56 68 80
2 14 26 28 40 52 57 69 81
3 15 27 29 41 53 55 67 79
4 16 19 33 45 48 59 71 74
5 17 20 31 43 46 60 72 75
6 18 21 32 44 47 58 70 73
7 10 22 36 39 51 62 65 77
8 11 23 34 37 49 63 66 78
9 12 24 35 38 50 61 64 76
1 13 25 31 43 46 61 64 76
2 14 26 32 44 47 62 65 77
3 15 27 33 45 48 63 66 78
4 16 19 34 37 49 55 67 79
5 17 20 35 38 50 56 68 80
6 18 21 36 39 51 57 69 81
7 10 22 28 40 52 58 70 73
8 11 23 29 41 53 59 71 74
9 12 24 30 42 54 60 72 75
1 13 25 32 44 47 63 66 78
2 14 26 33 45 48 61 64 76
3 15 27 31 43 46 62 65 77
4 16 19 35 38 50 57 69 81
5 17 20 36 39 51 55 67 79
6 18 21 34 37 49 56 68 80
7 10 22 29 41 53 60 72 75
8 11 23 30 42 54 58 70 73
9 12 24 28 40 52 59 71 74
1 13 25 33 45 48 62 65 77
2 14 26 31 43 46 63 66 78
3 15 27 32 44 47 61 64 76
4 16 19 36 39 51 56 68 80
5 17 20 34 37 49 57 69 81
6 18 21 35 38 50 55 67 79
7 10 22 30 42 54 59 71 74
8 11 23 28 40 52 60 72 75
9 12 24 29 41 53 58 70 73
1 13 25 34 37 49 58 70 73
2 14 26 35 38 50 59 71 74
3 15 27 36 39 51 60 72 75
4 16 19 28 40 52 61 64 76
5 17 20 29 41 53 62 65 77
6 18 21 30 42 54 63 66 78
7 10 22 31 43 46 55 67 79
8 11 23 32 44 47 56 68 80
9 12 24 33 45 48 57 69 81
1 13 25 35 38 50 60 72 75
2 14 26 36 39 51 58 70 73
3 15 27 34 37 49 59 71 74
4 16 19 29 41 53 63 66 78
5 17 20 30 42 54 61 64 76
6 18 21 28 40 52 62 65 77
7 10 22 32 44 47 57 69 81
8 11 23 33 45 48 55 67 79
9 12 24 31 43 46 56 68 80
1 13 25 36 39 51 59 71 74
2 14 26 34 37 49 60 72 75
3 15 27 35 38 50 58 70 73
4 16 19 30 42 54 62 65 77
5 17 20 28 40 52 63 66 78
6 18 21 29 41 53 61 64 76
7 10 22 33 45 48 56 68 80
8 11 23 31 43 46 57 69 81
9 12 24 32 44 47 55 67 79
1 14 27 28 41 54 55 68 81
2 15 25 29 42 52 56 69 79
3 13 26 30 40 53 57 67 80
4 17 21 31 44 48 58 71 75
5 18 19 32 45 46 59 72 73
6 16 20 33 43 47 60 70 74
7 11 24 34 38 51 61 65 78
8 12 22 35 39 49 62 66 76
9 10 23 36 37 50 63 64 77
1 14 27 29 42 52 57 67 80
2 15 25 30 40 53 55 68 81
3 13 26 28 41 54 56 69 79
4 17 21 32 45 46 60 70 74
5 18 19 33 43 47 58 71 75
6 16 20 31 44 48 59 72 73
7 11 24 35 39 49 63 64 77
8 12 22 36 37 50 61 65 78
9 10 23 34 38 51 62 66 76
1 14 27 30 40 53 56 69 79
2 15 25 28 41 54 57 67 80
3 13 26 29 42 52 55 68 81
4 17 21 33 43 47 59 72 73
5 18 19 31 44 48 60 70 74
6 16 20 32 45 46 58 71 75
7 11 24 36 37 50 62 66 76
8 12 22 34 38 51 63 64 77
9 10 23 35 39 49 61 65 78
1 14 27 31 44 48 61 65 78
2 15 25 32 45 46 62 66 76
3 13 26 33 43 47 63 64 77
4 17 21 34 38 51 55 68 81
5 18 19 35 39 49 56 69 79
6 16 20 36 37 50 57 67 80
7 11 24 28 41 54 58 71 75
8 12 22 29 42 52 59 72 73
9 10 23 30 40 53 60 70 74
1 14 27 32 45 46 63 64 77
2 15 25 33 43 47 61 65 78
3 13 26 31 44 48 62 66 76
4 17 21 35 39 49 57 67 80
5 18 19 36 37 50 55 68 81
6 16 20 34 38 51 56 69 79
7 11 24 29 42 52 60 70 74
8 12 22 30 40 53 58 71 75
9 10 23 28 41 54 59 72 73
1 14 27 33 43 47 62 66 76
2 15 25 31 44 48 63 64 77
3 13 26 32 45 46 61 65 78
4 17 21 36 37 50 56 69 79
5 18 19 34 38 51 57 67 80
6 16 20 35 39 49 55 68 81
7 11 24 30 40 53 59 72 73
8 12 22 28 41 54 60 70 74
9 10 23 29 42 52 58 71 75
1 14 27 34 38 51 58 71 75
2 15 25 35 39 49 59 72 73
3 13 26 36 37 50 60 70 74
4 17 21 28 41 54 61 65 78
5 18 19 29 42 52 62 66 76
6 16 20 30 40 53 63 64 77
7 11 24 31 44 48 55 68 81
8 12 22 32 45 46 56 69 79
9 10 23 33 43 47 57 67 80
1 14 27 35 39 49 60 70 74
2 15 25 36 37 50 58 71 75
3 13 26 34 38 51 59 72 73
4 17 21 29 42 52 63 64 77
5 18 19 30 40 53 61 65 78
6 16 20 28 41 54 62 66 76
7 11 24 32 45 46 57 67 80
8 12 22 33 43 47 55 68 81
9 10 23 31 44 48 56 69 79
1 14 27 36 37 50 59 72 73
2 15 25 34 38 51 60 70 74
3 13 26 35 39 49 58 71 75
4 17 21 30 40 53 62 66 76
5 18 19 28 41 54 63 64 77
6 16 20 29 42 52 61 65 78
7 11 24 33 43 47 56 69 79
8 12 22 31 44 48 57 67 80
9 10 23 32 45 46 55 68 81
1 15 26 28 42 53 55 69 80
2 13 27 29 40 54 56 67 81
3 14 25 30 41 52 57 68 79
4 18 20 31 45 47 58 72 74
5 16 21 32 43 48 59 70 75
6 17 19 33 44 46 60 71 73
7 12 23 34 39 50 61 66 77
8 10 24 35 37 51 62 64 78
9 11 22 36 38 49 63 65 76
1 15 26 29 40 54 57 68 79
2 13 27 30 41 52 55 69 80
3 14 25 28 42 53 56 67 81
4 18 20 32 43 48 60 71 73
5 16 21 33 44 46 58 72 74
6 17 19 31 45 47 59 70 75
7 12 23 35 37 51 63 65 76
8 10 24 36 38 49 61 66 77
9 11 22 34 39 50 62 64 78
1 15 26 30 41 52 56 67 81
2 13 27 28 42 53 57 68 79
3 14 25 29 40 54 55 69 80
4 18 20 33 44 46 59 70 75
5 16 21 31 45 47 60 71 73
6 17 19 32 43 48 58 72 74
7 12 23 36 38 49 62 64 78
8 10 24 34 39 50 63 65 76
9 11 22 35 37 51 61 66 77
1 15 26 31 45 47 61 66 77
2 13 27 32 43 48 62 64 78
3 14 25 33 44 46 63 65 76
4 18 20 34 39 50 55 69 80
5 16 21 35 37 51 56 67 81
6 17 19 36 38 49 57 68 79
7 12 23 28 42 53 58 72 74
8 10 24 29 40 54 59 70 75
9 11 22 30 41 52 60 71 73
1 15 26 32 43 48 63 65 76
2 13 27 33 44 46 61 66 77
3 14 25 31 45 47 62 64 78
4 18 20 35 37 51 57 68 79
5 16 21 36 38 49 55 69 80
6 17 19 34 39 50 56 67 81
7 12 23 29 40 54 60 71 73
8 10 24 30 41 52 58 72 74
9 11 22 28 42 53 59 70 75
1 15 26 33 44 46 62 64 78
2 13 27 31 45 47 63 65 76
3 14 25 32 43 48 61 66 77
4 18 20 36 38 49 56 67 81
5 16 21 34 39 50 57 68 79
6 17 19 35 37 51 55 69 80
7 12 23 30 41 52 59 70 75
8 10 24 28 42 53 60 71 73
9 11 22 29 40 54 58 72 74
1 15 26 34 39 50 58 72 74
2 13 27 35 37 51 59 70 75
3 14 25 36 38 49 60 71 73
4 18 20 28 42 53 61 66 77
5 16 21 29 40 54 62 64 78
6 17 19 30 41 52 63 65 76
7 12 23 31 45 47 55 69 80
8 10 24 32 43 48 56 67 81
9 11 22 33 44 46 57 68 79
1 15 26 35 37 51 60 71 73
2 13 27 36 38 49 58 72 74
3 14 25 34 39 50 59 70 75
4 18 20 29 40 54 63 65 76
5 16 21 30 41 52 61 66 77
6 17 19 28 42 53 62 64 78
7 12 23 32 43 48 57 68 79
8 10 24 33 44 46 55 69 80
9 11 22 31 45 47 56 67 81
1 15 26 36 38 49 59 70 75
2 13 27 34 39 50 60 71 73
3 14 25 35 37 51 58 72 74
4 18 20 30 41 52 62 64 78
5 16 21 28 42 53 63 65 76
6 17 19 29 40 54 61 66 77
7 12 23 33 44 46 56 67 81
8 10 24 31 45 47 57 68 79
9 11 22 32 43 48 55 69 80
1 16 22 28 43 49 55 70 76
2 17 23 29 44 50 56 71 77
3 18 24 30 45 51 57 72 78
4 10 25 31 37 52 58 64 79
5 11 26 32 38 53 59 65 80
6 12 27 33 39 54 60 66 81
7 13 19 34 40 46 61 67 73
8 14 20 35 41 47 62 68 74
9 15 21 36 42 48 63 69 75
1 16 22 29 44 50 57 72 78
2 17 23 30 45 51 55 70 76
3 18 24 28 43 49 56 71 77
4 10 25 32 38 53 60 66 81
5 11 26 33 39 54 58 64 79
6 12 27 31 37 52 59 65 80
7 13 19 35 41 47 63 69 75
8 14 20 36 42 48 61 67 73
9 15 21 34 40 46 62 68 74
1 16 22 30 45 51 56 71 77
2 17 23 28 43 49 57 72 78
3 18 24 29 44 50 55 70 76
4 10 25 33 39 54 59 65 80
5 11 26 31 37 52 60 66 81
6 12 27 32 38 53 58 64 79
7 13 19 36 42 48 62 68 74
8 14 20 34 40 46 63 69 75
9 15 21 35 41 47 61 67 73
1 16 22 31 37 52 61 67 73
2 17 23 32 38 53 62 68 74
3 18 24 33 39 54 63 69 75
4 10 25 34 40 46 55 70 76
5 11 26 35 41 47 56 71 77
6 12 27 36 42 48 57 72 78
7 13 19 28 43 49 58 64 79
8 14 20 29 44 50 59 65 80
9 15 21 30 45 51 60 66 81
1 16 22 32 38 53 63 69 75
2 17 23 33 39 54 61 67 73
3 18 24 31 37 52 62 68 74
4 10 25 35 41 47 57 72 78
5 11 26 36 42 48 55 70 76
6 12 27 34 40 46 56 71 77
7 13 19 29 44 50 60 66 81
8 14 20 30 45 51 58 64 79
9 15 21 28 43 49 59 65 80
1 16 22 33 39 54 62 68 74
2 17 23 31 37 52 63 69 75
3 18 24 32 38 53 61 67 73
4 10 25 36 42 48 56 71 77
5 11 26 34 40 46 57 72 78
6 12 27 35 41 47 55 70 76
7 13 19 30 45 51 59 65 80
8 14 20 28 43 49 60 66 81
9 15 21 29 44 50 58 64 79
1 16 22 34 40 46 58 64 79
2 17 23 35 41 47 59 65 80
3 18 24 36 42 48 60 66 81
4 10 25 28 43 49 61 67 73
5 11 26 29 44 50 62 68 74
6 12 27 30 45 51 63 69 75
7 13 19 31 37 52 55 70 76
8 14 20 32 38 53 56 71 77
9 15 21 33 39 54 57 72 78
1 16 22 35 41 47 60 66 81
2 17 23 36 42 48 58 64 79
3 18 24 34 40 46 59 65 80
4 10 25 29 44 50 63 69 75
5 11 26 30 45 51 61 67 73
6 12 27 28 43 49 62 68 74
7 13 19 32 38 53 57 72 78
8 14 20 33 39 54 55 70 76
9 15 21 31 37 52 56 71 77
1 16 22 36 42 48 59 65 80
2 17 23 34 40 46 60 66 81
3 18 24 35 41 47 58 64 79
4 10 25 30 45 51 62 68 74
5 11 26 28 43 49 63 69 75
6 12 27 29 44 50 61 67 73
7 13 19 33 39 54 56 71 77
8 14 20 31 37 52 57 72 78
9 15 21 32 38 53 55 70 76
1 17 24 28 44 51 55 71 78
2 18 22 29 45 49 56 72 76
3 16 23 30 43 50 57 70 77
4 11 27 31 38 54 58 65 81
5 12 25 32 39 52 59 66 79
6 10 26 33 37 53 60 64 80
7 14 21 34 41 48 61 68 75
8 15 19 35 42 46 62 69 73
9 13 20 36 40 47 63 67 74
1 17 24 29 45 49 57 70 77
2 18 22 30 43 50 55 71 78
3 16 23 28 44 51 56 72 76
4 11 27 32 39 52 60 64 80
5 12 25 33 37 53 58 65 81
6 10 26 31 38 54 59 66 79
7 14 21 35 42 46 63 67 74
8 15 19 36 40 47 61 68 75
9 13 20 34 41 48 62 69 73
1 17 24 30 43 50 56 72 76
2 18 22 28 44 51 57 70 77
3 16 23 29 45 49 55 71 78
4 11 27 33 37 53 59 66 79
5 12 25 31 38 54 60 64 80
6 10 26 32 39 52 58 65 81
7 14 21 36 40 47 62 69 73
8 15 19 34 41 48 63 67 74
9 13 20 35 42 46 61 68 75
1 17 24 31 38 54 61 68 75
2 18 22 32 39 52 62 69 73
3 16 23 33 37 53 63 67 74
4 11 27 34 41 48 55 71 78
5 12 25 35 42 46 56 72 76
6 10 26 36 40 47 57 70 77
7 14 21 28 44 51 58 65 81
8 15 19 29 45 49 59 66 79
9 13 20 30 43 50 60 64 80
1 17 24 32 39 52 63 67 74
2 18 22 33 37 53 61 68 75
3 16 23 31 38 54 62 69 73
4 11 27 35 42 46 57 70 77
5 12 25 36 40 47 55 71 78
6 10 26 34 41 48 56 72 76
7 14 21 29 45 49 60 64 80
8 15 19 30 43 50 58 65 81
9 13 20 28 44 51 59 66 79
1 17 24 33 37 53 62 69 73
2 18 22 31 38 54 63 67 74
3 16 23 32 39 52 61 68 75
4 11 27 36 40 47 56 72 76
5 12 25 34 41 48 57 70 77
6 10 26 35 42 46 55 71 78
7 14 21 30 43 50 59 66 79
8 15 19 28 44 51 60 64 80
9 13 20 29 45 49 58 65 81
1 17 24 34 41 48 58 65 81
2 18 22 35 42 46 59 66 79
3 16 23 36 40 47 60 64 80
4 11 27 28 44 51 61 68 75
5 12 25 29 45 49 62 69 73
6 10 26 30 43 50 63 67 74
7 14 21 31 38 54 55 71 78
8 15 19 32 39 52 56 72 76
9 13 20 33 37 53 57 70 77
1 17 24 35 42 46 60 64 80
2 18 22 36 40 47 58 65 81
3 16 23 34 41 48 59 66 79
4 11 27 29 45 49 63 67 74
5 12 25 30 43 50 61 68 75
6 10 26 28 44 51 62 69 73
7 14 21 32 39 52 57 70 77
8 15 19 33 37 53 55 71 78
9 13 20 31 38 54 56 72 76
1 17 24 36 40 47 59 66 79
2 18 22 34 41 48 60 64 80
3 16 23 35 42 46 58 65 81
4 11 27 30 43 50 62 69 73
5 12 25 28 44 51 63 67 74
6 10 26 29 45 49 61 68 75
7 14 21 33 37 53 56 72 76
8 15 19 31 38 54 57 70 77
9 13 20 32 39 52 55 71 78
1 18 23 28 45 50 55 72 77
2 16 24 29 43 51 56 70 78
3 17 22 30 44 49 57 71 76
4 12 26 31 39 53 58 66 80
5 10 27 32 37 54 59 64 81
6 11 25 33 38 52 60 65 79
7 15 20 34 42 47 61 69 74
8 13 21 35 40 48 62 67 75
9 14 19 36 41 46 63 68 73
1 18 23 29 43 51 57 71 76
2 16 24 30 44 49 55 72 77
3 17 22 28 45 50 56 70 78
4 12 26 32 37 54 60 65 79
5 10 27 33 38 52 58 66 80
6 11 25 31 39 53 59 64 81
7 15 20 35 40 48 63 68 73
8 13 21 36 41 46 61 69 74
9 14 19 34 42 47 62 67 75
1 18 23 30 44 49 56 70 78
2 16 24 28 45 50 57 71 76
3 17 22 29 43 51 55 72 77
4 12 26 33 38 52 59 64 81
5 10 27 31 39 53 60 65 79
6 11 25 32 37 54 58 66 80
7 15 20 36 41 46 62 67 75
8 13 21 34 42 47 63 68 73
9 14 19 35 40 48 61 69 74
1 18 23 31 39 53 61 69 74
2 16 24 32 37 54 62 67 75
3 17 22 33 38 52 63 68 73
4 12 26 34 42 47 55 72 77
5 10 27 35 40 48 56 70 78
6 11 25 36 41 46 57 71 76
7 15 20 28 45 50 58 66 80
8 13 21 29 43 51 59 64 81
9 14 19 30 44 49 60 65 79
1 18 23 32 37 54 63 68 73
2 16 24 33 38 52 61 69 74
3 17 22 31 39 53 62 67 75
4 12 26 35 40 48 57 71 76
5 10 27 36 41 46 55 72 77
6 11 25 34 42 47 56 70 78
7 15 20 29 43 51 60 65 79
8 13 21 30 44 49 58 66 80
9 14 19 28 45 50 59 64 81
1 18 23 33 38 52 62 67 75
2 16 24 31 39 53 63 68 73
3 17 22 32 37 54 61 69 74
4 12 26 36 41 46 56 70 78
5 10 27 34 42 47 57 71 76
6 11 25 35 40 48 55 72 77
7 15 20 30 44 49 59 64 81
8 13 21 28 45 50 60 65 79
9 14 19 29 43 51 58 66 80
1 18 23 34 42 47 58 66 80
2 16 24 35 40 48 59 64 81
3 17 22 36 41 46 60 65 79
4 12 26 28 45 50 61 69 74
5 10 27 29 43 51 62 67 75
6 11 25 30 44 49 63 68 73
7 15 20 31 39 53 55 72 77
8 13 21 32 37 54 56 70 78
9 14 19 33 38 52 57 71 76
1 18 23 35 40 48 60 65 79
2 16 24 36 41 46 58 66 80
3 17 22 34 42 47 59 64 81
4 12 26 29 43 51 63 68 73
5 10 27 30 44 49 61 69 74
6 11 25 28 45 50 62 67 75
7 15 20 32 37 54 57 71 76
8 13 21 33 38 52 55 72 77
9 14 19 31 39 53 56 70 78
1 18 23 36 41 46 59 64 81
2 16 24 34 42 47 60 65 79
3 17 22 35 40 48 58 66 80
4 12 26 30 44 49 62 67 75
5 10 27 28 45 50 63 68 73
6 11 25 29 43 51 61 69 74
7 15 20 33 38 52 56 70 78
8 13 21 31 39 53 57 71 76
9 14 19 32 37 54 55 72 77
